0    3
1    0
2    0
3    0
4    0
5    0
6    0
7    0
8    0
9    0
10    0
11    1
12    0
13    3
14    0
15    0
16    2
17    2
18    2
19    2
20    2
21    2
22    2
23    2
24    2
25    2
26    2
27    2
28    2
29    3
30    3
31    3
32    3
33    3
34    3
35    3
36    3
37    3
38    2
39    2
40    3
41    2
42    2
43    2
44    2
45    2
46    2
47    2
48    2
49    1
50    1
51    1
52    1
53    1
54    3
55    3
56    3
57    3
58    3
59    1
60    0
61    0
62    0
63    0
64    0
65    0
66    0
67    0
68    0
69    0
70    0
71    0
72    1
73    1
74    0
75    0
76    0
77    3
78    3
79    0
80    2
81    0
82    3
83    3
84    3
85    1
86    3
87    3
88    3
89    1
90    3
91    3
92    2
93    2
94    2
95    1
96    1
97    1
98    1
99    3
100    2
101    2
102    2
103    2
104    1
105    3
106    2
107    2
108    1
109    1
110    1
111    3
112    3
113    2
114    2
115    1
116    1
117    3
118    3
119    3
120    3
121    2
122    3
123    1
124    1
125    1
126    3
127    0
128    0
129    0
130    3
131    0
132    1
133    1
134    1
135    0
136    0
137    0
138    1
139    0
140    1
141    3
142    3
143    3
144    3
145    0
146    0
147    0
148    0
149    0
150    0
151    0
152    3
153    1
154    0
155    0
156    2
157    0
158    2
159    2
160    2
161    2
162    2
163    2
164    2
165    2
166    2
167    2
168    2
169    2
170    3
171    2
172    2
173    3
174    1
175    2
176    2
177    2
178    2
179    2
180    3
181    2
182    2
183    1
184    1
185    3
186    0
187    0
188    0
189    1
190    0
191    2
192    2
193    2
194    3
195    2
196    2
197    1
198    1
199    2
200    2
201    2
202    2
203    2
204    2
205    2
206    2
207    2
208    3
209    3
210    2
211    2
212    2
213    2
214    2
215    3
216    3
217    3
218    3
219    0
220    1
221    1
222    0
223    1
224    1
225    1
226    0
227    0
228    1
229    0
230    0
231    3
232    3
233    0
234    0
235    0
236    0
237    0
238    0
239    0
240    0
241    0
242    0
243    3
244    2
245    0
246    0
247    0
248    0
249    0
250    0
251    1
252    0
253    0
254    1
255    1
256    0
257    3
258    3
259    3
260    3
261    2
262    2
263    2
264    2
265    2
266    1
267    0
268    0
269    0
270    0
271    2
272    2
273    2
274    2
275    2
276    2
277    2
278    2
279    2
280    2
281    2
282    2
283    2
284    0
285    0
286    0
287    0
288    0
289    0
290    0
291    0
292    0
293    0
294    2
295    2
296    2
297    2
298    2
299    2
300    2
301    2
302    0
303    2
304    0
305    0
306    0
307    0
308    0
309    1
310    1
311    0
312    0
313    0
314    0
315    0
316    0
317    0
318    1
319    0
320    0
321    0
322    0
323    0
324    0
325    0
326    0
327    2
328    3
329    1
330    1
331    2
332    2
333    2
334    0
335    0
336    3
337    0
338    0
339    0
340    0
341    1
342    1
343    1
344    1
345    1
346    3
347    3
348    3
349    3
350    1
351    1
352    1
353    0
354    2
355    2
356    2
357    2
358    2
359    2
360    2
361    2
362    2
363    2
364    3
365    3
366    0
367    0
368    0
369    0
370    0
371    0
372    0
373    0
374    0
375    1
376    0
377    1
378    0
379    0
380    1
381    1
382    0
383    0
384    0
385    0
386    1
387    2
388    2
389    3
390    3
391    2
392    2
393    2
394    2
395    2
396    2
397    2
398    3
399    2
400    2
401    2
402    2
403    2
404    2
405    2
406    2
407    1
408    1
409    0
410    2
411    2
412    2
413    3
414    3
415    2
416    2
417    2
418    3
419    1
420    0
421    0
422    2
423    0
424    2
425    0
426    0
427    0
428    0
429    0
430    1
431    2
432    0
433    2
434    2
435    2
436    2
437    2
438    2
439    2
440    2
441    0
442    0
443    1
444    3
445    0
446    3
447    3
448    3
449    0
450    2
451    2
452    2
453    2
454    2
455    2
456    2
457    2
458    1
459    2
460    2
461    2
462    2
463    2
464    2
465    2
466    2
467    2
468    2
469    2
470    2
471    2
472    3
473    0
474    0
475    0
476    0
477    0
478    3
479    0
480    3
481    3
482    3
483    3
484    3
485    3
486    2
487    3
488    2
489    2
490    2
491    2
492    2
493    2
494    2
495    2
496    2
497    2
498    2
499    2
500    2
501    2
502    2
503    2
504    2
505    2
506    2
507    2
508    2
509    2
510    2
511    2
512    2
513    2
514    2
515    2
516    2
517    2
518    2
519    2
520    2
521    2
522    1
523    1
524    2
525    0
526    0
527    0
528    3
529    3
530    3
531    3
532    2
533    2
534    3
535    3
536    3
537    2
538    3
539    3
540    3
541    3
542    2
543    2
544    2
545    0
546    2
547    2
548    2
549    2
550    2
551    0
552    2
553    1
554    0
555    1
556    0
557    0
558    0
559    2
560    3
561    3
562    3
563    2
564    0
565    2
566    2
567    2
568    2
569    2
570    2
571    2
572    2
573    2
574    2
575    2
576    2
577    2
578    2
579    2
580    2
581    0
582    0
583    2
584    2
585    0
586    0
587    0
588    2
589    2
590    0
591    3
592    3
593    3
594    3
595    2
596    2
597    2
598    2
599    2
600    2
601    2
602    0
603    0
604    0
605    2
606    2
607    2
608    2
609    2
610    2
611    2
612    2
613    2
614    2
615    2
616    2
617    2
618    2
619    2
620    2
621    2
622    2
623    2
624    0
625    0
626    0
627    0
628    0
629    0
630    0
631    0
632    2
633    2
634    2
635    2
636    0
637    0
638    0
639    0
640    0
641    0
642    0
643    0
644    0
645    2
646    0
647    0
648    0
649    0
650    0
651    0
652    0
653    0
654    0
655    0
656    0
657    0
658    0
659    0
660    0
661    0
662    0
663    2
664    0
665    0
666    0
667    3
668    0
669    0
670    0
671    0
672    0
673    0
674    2
675    2
676    0
677    2
678    2
679    0
680    0
681    0
682    0
683    0
684    0
685    0
686    0
687    0
688    0
689    0
690    0
691    0
692    0
693    0
694    0
695    0
696    0
697    0
698    0
699    0
700    0
701    0
702    1
703    0
704    0
705    0
706    0
707    1
708    0
709    0
710    0
711    3
712    0
713    0
714    0
715    0
716    0
717    1
718    0
719    0
720    3
721    0
722    0
723    0
724    0
725    0
726    0
727    2
728    0
729    0
730    2
731    0
732    0
733    2
734    2
735    2
736    2
737    2
738    2
739    2
740    2
741    2
742    2
743    0
744    2
745    2
746    0
747    0
748    0
749    0
750    0
751    0
752    0
753    0
754    2
755    2
756    0
757    0
758    0
759    0
760    0
761    1
762    0
763    0
764    0
765    1
766    2
767    2
768    3
769    2
770    0
771    2
772    0
773    0
774    0
775    0
776    0
777    3
778    0
779    0
780    0
781    2
782    0
783    0
784    0
785    0
786    0
787    0
788    0
789    0
790    0
791    0
792    2
793    0
794    0
795    3
796    0
797    0
798    0
799    0
800    0
801    0
802    0
803    0
804    0
805    0
806    0
807    0
808    0
809    0
810    3
811    0
812    0
813    0
814    0
815    0
816    0
817    0
818    1
819    1
820    0
821    0
822    2
823    0
824    0
825    0
826    0
827    0
828    2
829    2
830    0
831    2
832    2
833    2
834    1
835    2
836    2
837    2
838    2
839    2
840    2
841    2
842    2
843    2
844    2
845    2
846    2
847    2
848    2
849    2
850    2
851    2
852    2
853    2
854    2
855    2
856    2
857    2
858    2
859    2
860    2
861    2
862    2
863    2
864    2
865    2
866    2
867    0
868    0
869    0
870    2
871    2
872    0
873    0
874    2
875    0
876    0
877    0
878    0
879    0
880    2
881    0
882    0
883    0
884    0
885    0
886    0
887    0
888    2
889    0
890    0
891    0
892    2
893    2
894    2
895    2
896    2
897    2
898    2
899    0
900    0
901    0
902    2
903    2
904    2
905    2
906    2
907    2
908    2
909    2
910    2
911    2
912    2
913    2
914    2
915    2
916    2
917    2
918    2
919    2
920    2
921    2
922    2
923    2
924    2
925    1
926    1
927    3
928    2
929    2
930    2
931    2
932    2
933    2
934    2
935    2
936    2
937    2
938    2
939    2
940    2
941    2
942    2
943    2
944    2
945    2
946    2
947    2
948    2
949    2
950    2
951    2
952    2
953    2
954    1
955    1
956    3
957    2
958    2
959    2
960    2
961    2
962    2
963    3
964    3
965    3
966    2
967    2
968    2
969    2
970    3
971    2
972    2
973    2
974    2
975    2
976    2
977    2
978    2
979    3
980    3
981    3
982    3
983    3
984    0
985    0
986    1
987    2
988    2
989    2
990    2
991    2
992    0
993    3
994    3
995    3
996    3
997    2
998    0
999    2
1000    3
1001    2
1002    2
1003    2
1004    2
1005    3
1006    3
1007    3
1008    3
1009    3
1010    3
1011    3
1012    3
1013    1
1014    1
1015    0
1016    1
1017    0
1018    1
1019    1
1020    3
1021    1
1022    0
1023    3
1024    3
1025    0
1026    3
1027    3
1028    2
1029    3
1030    2
1031    3
1032    0
1033    3
1034    0
1035    0
1036    3
1037    2
1038    2
1039    2
1040    3
1041    3
1042    3
1043    3
1044    3
1045    3
1046    3
1047    2
1048    2
1049    1
1050    0
1051    0
1052    0
1053    3
1054    3
1055    1
1056    3
1057    3
1058    3
1059    3
1060    3
1061    3
1062    3
1063    3
1064    3
1065    3
1066    3
1067    2
1068    3
1069    1
1070    1
1071    1
1072    3
1073    3
1074    1
1075    1
1076    1
1077    1
1078    1
1079    0
1080    1
1081    3
1082    1
1083    1
1084    1
1085    3
1086    1
1087    3
1088    1
1089    1
1090    0
1091    0
1092    1
1093    3
1094    3
1095    1
1096    3
1097    1
1098    3
1099    1
1100    1
1101    1
1102    3
1103    3
1104    3
1105    2
1106    3
1107    1
1108    1
1109    0
1110    2
1111    2
1112    2
1113    2
1114    2
1115    2
1116    2
1117    2
1118    2
1119    2
1120    2
1121    2
1122    3
1123    3
1124    1
1125    2
1126    2
1127    2
1128    2
1129    2
1130    2
1131    2
1132    2
1133    3
1134    2
1135    3
1136    2
1137    3
1138    2
1139    2
1140    2
1141    3
1142    3
1143    3
1144    1
1145    3
1146    2
1147    3
1148    3
1149    1
1150    3
1151    1
1152    1
1153    3
1154    1
1155    1
1156    3
1157    3
1158    2
1159    2
1160    2
1161    2
1162    1
1163    2
1164    2
1165    2
1166    1
1167    1
1168    0
1169    1
1170    0
1171    3
1172    0
1173    0
1174    2
1175    0
1176    1
1177    3
1178    0
1179    0
1180    0
1181    0
1182    1
1183    0
1184    0
1185    1
1186    0
1187    1
1188    3
1189    1
1190    1
1191    1
1192    0
1193    0
1194    1
1195    1
1196    0
1197    0
1198    0
1199    0
1200    0
1201    3
1202    0
1203    0
1204    0
1205    0
1206    2
1207    1
1208    1
1209    2
1210    2
1211    2
1212    2
1213    2
1214    2
1215    0
1216    0
1217    0
1218    3
1219    2
1220    2
1221    2
1222    2
1223    2
1224    2
1225    2
1226    2
1227    2
1228    2
1229    2
1230    2
1231    2
1232    2
1233    2
1234    2
1235    2
1236    2
1237    2
1238    2
1239    2
1240    2
1241    2
1242    2
1243    2
1244    2
1245    2
1246    2
1247    2
1248    2
1249    2
1250    2
1251    2
1252    2
1253    3
1254    2
1255    1
1256    2
1257    2
1258    3
1259    3
1260    0
1261    0
1262    1
1263    3
1264    0
1265    0
1266    0
1267    0
1268    0
1269    2
1270    2
1271    2
1272    2
1273    2
1274    2
1275    2
1276    2
1277    2
1278    2
1279    3
1280    3
1281    3
1282    2
1283    2
1284    2
1285    2
1286    2
1287    0
1288    0
1289    0
1290    0
1291    0
1292    0
1293    0
1294    3
1295    3
1296    1
1297    2
1298    3
1299    2
1300    2
1301    2
1302    2
1303    2
1304    1
1305    1
1306    2
1307    2
1308    2
1309    2
1310    2
1311    2
1312    2
1313    2
1314    2
1315    2
1316    2
1317    2
1318    2
1319    2
1320    2
1321    2
1322    2
1323    2
1324    2
1325    2
1326    2
1327    2
1328    2
1329    0
1330    1
1331    0
1332    0
1333    0
1334    0
1335    0
1336    0
1337    0
1338    0
1339    0
1340    1
1341    1
1342    1
1343    0
1344    0
1345    0
1346    3
1347    3
1348    2
1349    2
1350    3
1351    0
1352    0
1353    0
1354    2
1355    1
1356    2
1357    1
1358    1
1359    1
1360    2
1361    1
1362    2
1363    0
1364    1
1365    0
1366    3
1367    3
1368    1
1369    2
1370    2
1371    2
1372    3
1373    0
1374    1
1375    3
1376    1
1377    1
1378    0
1379    0
1380    0
1381    3
1382    2
1383    3
1384    3
1385    3
1386    3
1387    3
1388    3
1389    3
1390    0
1391    1
1392    0
1393    1
1394    0
1395    0
1396    3
1397    0
1398    1
1399    3
1400    3
1401    3
1402    3
1403    3
1404    1
1405    1
1406    1
1407    3
1408    3
1409    3
1410    3
1411    3
1412    3
1413    1
1414    1
1415    1
1416    1
1417    1
1418    1
1419    3
1420    3
1421    3
1422    3
1423    1
1424    3
1425    3
1426    3
1427    3
1428    3
1429    3
1430    3
1431    2
1432    3
1433    3
1434    3
1435    3
1436    3
1437    3
1438    2
1439    3
1440    3
1441    3
1442    2
1443    2
1444    2
1445    2
1446    2
1447    2
1448    2
1449    0
1450    0
1451    2
1452    2
1453    2
1454    2
1455    2
1456    2
1457    2
1458    1
1459    1
1460    1
1461    2
1462    2
1463    2
1464    2
1465    1
1466    1
1467    1
1468    1
1469    1
1470    0
1471    3
1472    0
1473    2
1474    2
1475    2
1476    2
1477    2
1478    2
1479    2
1480    2
1481    2
1482    2
1483    2
1484    2
1485    2
1486    2
1487    2
1488    2
1489    2
1490    2
1491    2
1492    2
1493    3
1494    3
1495    3
1496    3
1497    3
1498    0
1499    3
1500    2
1501    0
1502    0
1503    2
1504    2
1505    0
1506    0
1507    0
1508    0
1509    0
1510    0
1511    0
1512    3
1513    2
1514    0
1515    3
1516    3
1517    3
1518    3
1519    3
1520    2
1521    1
1522    1
1523    1
1524    1
1525    1
1526    1
1527    0
1528    1
1529    0
1530    0
1531    0
1532    0
1533    0
1534    0
1535    0
1536    0
1537    0
1538    1
1539    3
1540    2
1541    1
1542    2
1543    1
1544    2
1545    2
1546    2
1547    2
1548    2
1549    2
1550    2
1551    0
1552    0
1553    0
1554    0
1555    0
1556    2
1557    3
1558    3
1559    3
1560    3
1561    2
1562    2
1563    2
1564    2
1565    2
1566    2
1567    2
1568    2
1569    2
1570    2
1571    2
1572    0
1573    0
1574    1
1575    0
1576    0
1577    0
1578    0
1579    2
1580    2
1581    2
1582    2
1583    2
1584    2
1585    2
1586    2
1587    2
1588    2
1589    2
1590    2
1591    2
1592    2
1593    2
1594    2
1595    2
1596    2
1597    2
1598    2
1599    2
1600    2
1601    2
1602    2
1603    0
1604    0
1605    0
1606    0
1607    0
1608    0
1609    3
1610    3
1611    3
1612    1
1613    0
1614    1
1615    0
1616    0
1617    0
1618    0
1619    0
1620    0
1621    1
1622    1
1623    1
1624    1
1625    3
1626    3
1627    3
1628    2
1629    2
1630    2
1631    2
1632    2
1633    2
1634    2
1635    2
1636    2
1637    2
1638    2
1639    2
1640    3
1641    2
1642    2
1643    2
1644    2
1645    2
1646    2
1647    2
1648    2
1649    2
1650    1
1651    1
1652    1
1653    2
1654    2
1655    2
1656    2
1657    2
1658    2
1659    2
1660    2
1661    2
1662    1
1663    1
1664    1
1665    0
1666    1
1667    0
1668    0
1669    0
1670    2
1671    2
1672    0
1673    0
1674    2
1675    2
1676    2
1677    2
1678    2
1679    2
1680    2
1681    2
1682    2
1683    2
1684    2
1685    2
1686    2
1687    2
1688    2
1689    3
1690    2
1691    2
1692    2
1693    2
1694    2
1695    3
1696    2
1697    0
1698    0
1699    1
1700    1
1701    0
1702    2
1703    0
1704    0
1705    0
1706    0
1707    3
1708    1
1709    1
1710    1
1711    3
1712    0
1713    0
1714    0
1715    3
1716    0
1717    0
1718    1
1719    1
1720    0
1721    0
1722    0
1723    0
1724    1
1725    2
1726    3
1727    3
1728    3
1729    3
1730    3
1731    3
1732    3
1733    3
1734    3
1735    3
1736    2
1737    2
1738    1
1739    0
1740    0
1741    3
1742    2
1743    3
1744    3
1745    2
1746    3
1747    2
1748    2
1749    2
1750    2
1751    2
1752    2
1753    2
1754    2
1755    2
1756    2
1757    2
1758    2
1759    2
1760    2
1761    1
1762    1
1763    0
1764    2
1765    1
1766    1
1767    0
1768    0
1769    1
1770    0
1771    1
1772    2
1773    3
1774    3
1775    3
1776    3
1777    3
1778    3
1779    3
1780    3
1781    3
1782    3
1783    3
1784    3
1785    3
1786    3
1787    3
1788    3
1789    3
1790    3
1791    3
1792    3
1793    3
1794    3
1795    3
1796    3
1797    3
1798    3
1799    3
1800    3
1801    3
1802    3
1803    3
1804    3
1805    3
1806    3
1807    3
1808    2
1809    3
1810    3
1811    3
1812    3
1813    1
1814    2
1815    2
1816    2
1817    3
1818    3
1819    3
1820    1
1821    1
1822    0
1823    0
1824    0
1825    0
1826    0
1827    0
1828    3
1829    0
1830    3
1831    0
1832    3
1833    0
1834    3
1835    3
1836    3
1837    3
1838    3
1839    3
1840    3
1841    3
1842    3
1843    2
1844    2
1845    2
1846    2
1847    2
1848    2
1849    2
1850    2
1851    0
1852    0
1853    0
1854    3
1855    2
1856    2
1857    3
1858    3
1859    3
1860    2
1861    3
1862    2
1863    3
1864    3
1865    2
1866    2
1867    3
1868    3
1869    3
1870    3
1871    2
1872    3
1873    2
1874    3
1875    2
1876    0
1877    0
1878    0
1879    1
1880    0
1881    3
1882    3
1883    0
1884    0
1885    1
1886    1
1887    3
1888    3
1889    0
1890    0
1891    0
1892    0
1893    0
1894    0
1895    1
1896    0
1897    3
1898    0
1899    0
1900    0
1901    0
1902    0
1903    0
1904    1
1905    3
1906    1
1907    1
1908    3
1909    3
1910    3
1911    1
1912    0
1913    3
1914    3
1915    1
1916    1
1917    1
1918    1
1919    3
1920    1
1921    1
1922    3
1923    3
1924    3
1925    3
1926    3
1927    3
1928    3
1929    3
1930    1
1931    3
1932    2
1933    3
1934    1
1935    1
1936    3
1937    1
1938    3
1939    3
1940    3
1941    3
1942    3
1943    3
1944    3
1945    3
1946    3
1947    3
1948    3
1949    1
1950    1
1951    1
1952    2
1953    2
1954    1
1955    1
1956    1
1957    1
1958    1
1959    3
1960    1
1961    3
1962    3
1963    3
1964    3
1965    3
1966    3
1967    1
1968    3
1969    0
1970    1
1971    3
1972    3
1973    3
1974    3
1975    3
1976    3
1977    3
1978    3
1979    3
1980    3
1981    3
1982    3
1983    3
1984    3
1985    3
1986    3
1987    3
1988    3
1989    3
1990    1
1991    3
1992    3
1993    3
1994    2
1995    2
1996    3
1997    3
1998    3
1999    3
2000    1
2001    1
2002    3
2003    3
2004    0
2005    3
2006    3
2007    0
2008    0
2009    0
2010    0
2011    0
2012    0
2013    0
2014    1
2015    0
2016    0
2017    1
2018    3
2019    3
2020    1
2021    1
2022    1
2023    1
2024    2
2025    0
2026    3
2027    3
2028    0
2029    0
2030    1
2031    0
2032    0
2033    1
2034    3
2035    0
2036    0
2037    0
2038    0
2039    0
2040    3
2041    3
2042    3
2043    3
2044    3
2045    3
2046    3
2047    2
2048    0
2049    0
2050    2
2051    2
2052    1
2053    1
2054    1
2055    1
2056    2
2057    2
2058    2
2059    2
2060    3
2061    3
2062    3
2063    3
2064    3
2065    3
2066    0
2067    3
2068    1
2069    3
2070    0
2071    1
2072    2
2073    0
2074    0
2075    0
2076    3
2077    0
2078    0
2079    0
2080    0
2081    0
2082    0
2083    0
2084    2
2085    2
2086    0
2087    0
2088    0
2089    3
2090    0
2091    3
2092    3
2093    2
2094    2
2095    3
2096    2
2097    3
2098    3
2099    3
2100    3
2101    3
2102    3
2103    2
2104    2
2105    2
2106    3
2107    2
2108    2
2109    2
2110    2
2111    0
2112    0
2113    0
2114    0
2115    0
2116    0
2117    0
2118    0
2119    0
2120    0
2121    0
2122    3
2123    0
2124    3
2125    1
2126    3
2127    3
2128    0
2129    0
2130    0
2131    0
2132    0
2133    0
2134    0
2135    0
2136    0
2137    0
2138    0
2139    2
2140    3
2141    3
2142    3
2143    3
2144    3
2145    3
2146    2
2147    2
2148    2
2149    2
2150    2
2151    2
2152    2
2153    2
2154    2
2155    2
2156    3
2157    0
2158    0
2159    0
2160    3
2161    1
2162    0
2163    1
2164    3
2165    3
2166    3
2167    2
2168    2
2169    2
2170    2
2171    2
2172    3
2173    3
2174    3
2175    3
2176    3
2177    3
2178    3
2179    3
2180    2
2181    3
2182    3
2183    1
2184    0
2185    2
2186    2
2187    3
2188    3
2189    2
2190    1
2191    2
2192    1
2193    3
2194    1
2195    1
2196    2
2197    2
2198    1
2199    2
2200    2
2201    3
2202    3
2203    1
2204    2
2205    1
2206    2
2207    2
2208    2
2209    0
2210    0
2211    0
2212    1
2213    1
2214    0
2215    3
2216    2
2217    1
2218    1
2219    0
2220    0
2221    0
2222    0
2223    0
2224    0
2225    0
2226    0
2227    0
2228    0
2229    0
2230    0
2231    0
2232    3
2233    0
2234    1
2235    1
2236    1
2237    3
2238    1
2239    1
2240    1
2241    3
2242    3
2243    0
2244    3
2245    3
2246    3
2247    1
2248    0
2249    2
2250    2
2251    2
2252    2
2253    2
2254    2
2255    2
2256    2
2257    2
2258    2
2259    2
2260    2
2261    2
2262    2
2263    2
2264    2
2265    2
2266    2
2267    2
2268    2
2269    2
2270    2
2271    2
2272    0
2273    0
2274    0
2275    0
2276    0
2277    0
2278    0
2279    2
2280    2
2281    2
2282    2
2283    2
2284    2
2285    2
2286    2
2287    2
2288    2
2289    2
2290    2
2291    2
2292    2
2293    2
2294    2
2295    2
2296    2
2297    2
2298    2
2299    2
2300    2
2301    2
2302    2
2303    2
2304    2
2305    2
2306    2
2307    2
2308    2
2309    3
2310    2
2311    1
2312    2
2313    2
2314    2
2315    2
2316    2
2317    0
2318    1
2319    3
2320    3
2321    3
2322    3
2323    3
2324    3
2325    3
2326    2
2327    2
2328    0
2329    2
2330    2
2331    2
2332    2
2333    2
2334    2
2335    2
2336    3
2337    0
2338    0
2339    3
2340    0
2341    0
2342    3
2343    3
2344    2
2345    3
2346    3
2347    2
2348    2
2349    2
2350    2
2351    2
2352    2
2353    2
2354    3
2355    3
2356    3
2357    3
2358    3
2359    2
2360    3
2361    2
2362    1
2363    3
2364    0
2365    3
2366    0
2367    0
2368    0
2369    0
2370    3
2371    3
2372    3
2373    3
2374    3
2375    1
2376    1
2377    1
2378    1
2379    1
2380    1
2381    2
2382    2
2383    1
2384    1
2385    1
2386    1
2387    0
2388    1
2389    0
2390    0
2391    0
2392    0
2393    1
2394    0
2395    0
2396    0
2397    0
2398    0
2399    0
2400    0
2401    0
2402    3
2403    3
2404    3
2405    0
2406    0
2407    0
2408    2
2409    0
2410    2
2411    0
2412    2
2413    0
2414    0
2415    0
2416    0
2417    0
2418    0
2419    0
2420    0
2421    1
2422    0
2423    0
2424    0
2425    3
2426    3
2427    0
2428    0
2429    0
2430    3
2431    3
2432    3
2433    0
2434    0
2435    0
2436    0
2437    0
2438    0
2439    0
2440    0
2441    0
2442    0
2443    0
2444    3
2445    3
2446    3
2447    0
2448    3
2449    3
2450    2
2451    2
2452    0
2453    0
2454    3
2455    3
2456    3
2457    3
2458    3
2459    3
2460    3
2461    3
2462    3
2463    1
2464    0
2465    0
2466    0
2467    0
2468    0
2469    0
2470    1
2471    3
2472    1
2473    3
2474    3
2475    3
2476    3
2477    3
2478    0
2479    0
2480    1
2481    1
2482    0
2483    0
2484    0
2485    0
2486    3
2487    2
2488    0
2489    1
2490    0
2491    3
2492    2
2493    3
2494    0
2495    2
2496    0
2497    0
2498    1
2499    2
2500    3
2501    3
2502    2
2503    2
2504    1
2505    0
2506    0
2507    0
2508    0
2509    0
2510    3
2511    3
2512    3
2513    3
2514    3
2515    3
2516    3
2517    3
2518    2
2519    0
2520    0
2521    0
2522    1
2523    0
2524    0
2525    0
2526    0
2527    0
2528    2
2529    1
2530    0
2531    0
2532    0
2533    0
2534    0
2535    0
2536    0
2537    1
2538    1
2539    0
2540    0
2541    0
2542    1
2543    0
2544    0
2545    0
2546    0
2547    0
2548    0
2549    3
2550    0
2551    3
2552    3
2553    2
2554    2
2555    2
2556    2
2557    3
2558    2
2559    2
2560    2
2561    2
2562    2
2563    2
2564    2
2565    2
2566    2
2567    2
2568    2
2569    2
2570    2
2571    2
2572    2
2573    2
2574    2
2575    2
2576    2
2577    2
2578    2
2579    2
2580    2
2581    3
2582    2
2583    2
2584    2
2585    2
2586    2
2587    0
2588    0
2589    0
2590    0
2591    0
2592    0
2593    3
2594    0
2595    0
2596    0
2597    0
2598    0
2599    1
2600    1
2601    2
2602    1
2603    1
2604    2
2605    2
2606    2
2607    2
2608    2
2609    2
2610    2
2611    2
2612    2
2613    2
2614    2
2615    2
2616    2
2617    2
2618    2
2619    2
2620    2
2621    2
2622    2
2623    2
2624    2
2625    2
2626    2
2627    1
2628    1
2629    0
2630    0
2631    0
2632    3
2633    0
2634    0
2635    0
2636    0
2637    0
2638    0
2639    0
2640    0
2641    1
2642    1
2643    1
2644    0
2645    0
2646    0
2647    0
2648    0
2649    1
2650    0
2651    1
2652    0
2653    0
2654    0
2655    2
2656    2
2657    2
2658    2
2659    3
2660    3
2661    2
2662    2
2663    3
2664    3
2665    2
2666    3
2667    3
2668    2
2669    2
2670    2
2671    2
2672    2
2673    2
2674    3
2675    3
2676    3
2677    3
2678    3
2679    3
2680    2
2681    2
2682    2
2683    2
2684    2
2685    2
2686    3
2687    3
2688    0
2689    0
2690    0
2691    0
2692    3
2693    3
2694    3
2695    2
2696    2
2697    3
2698    3
2699    3
2700    2
2701    2
2702    2
2703    2
2704    2
2705    2
2706    2
2707    2
2708    2
2709    2
2710    2
2711    2
2712    2
2713    2
2714    2
2715    2
2716    2
2717    2
2718    2
2719    1
2720    2
2721    1
2722    1
2723    1
2724    1
2725    0
2726    0
2727    2
2728    2
2729    3
2730    2
2731    2
2732    2
2733    3
2734    2
2735    2
2736    2
2737    2
2738    2
2739    2
2740    2
2741    2
2742    2
2743    2
2744    2
2745    2
2746    2
2747    2
2748    2
2749    2
2750    2
2751    2
2752    2
2753    2
2754    2
2755    2
2756    2
2757    2
2758    2
2759    2
2760    2
2761    2
2762    2
2763    2
2764    1
2765    2
2766    3
2767    3
2768    0
2769    0
2770    2
2771    2
2772    2
2773    2
2774    2
2775    3
2776    2
2777    2
2778    2
2779    0
2780    0
2781    2
2782    0
2783    1
2784    0
2785    0
2786    0
2787    1
2788    0
2789    0
2790    0
2791    2
2792    3
2793    2
2794    2
2795    2
2796    2
2797    2
2798    2
2799    2
2800    3
2801    3
2802    1
2803    0
2804    0
2805    0
2806    0
2807    0
2808    0
2809    2
2810    2
2811    0
2812    2
2813    2
2814    2
2815    2
2816    3
2817    3
2818    3
2819    3
2820    2
2821    2
2822    3
2823    2
2824    2
2825    2
2826    2
2827    2
2828    2
2829    0
2830    0
2831    0
2832    0
2833    0
2834    0
2835    0
2836    0
2837    0
2838    0
2839    1
2840    3
2841    3
2842    0
2843    0
2844    2
2845    2
2846    2
2847    2
2848    2
2849    2
2850    2
2851    2
2852    2
2853    2
2854    2
2855    2
2856    2
2857    2
2858    2
2859    2
2860    2
2861    0
2862    1
2863    2
2864    2
2865    2
2866    2
2867    2
2868    2
2869    2
2870    2
2871    2
2872    2
2873    2
2874    2
2875    2
2876    2
2877    2
2878    2
2879    3
2880    2
2881    3
2882    2
2883    3
2884    2
2885    2
2886    2
2887    2
2888    2
2889    2
2890    2
2891    1
2892    2
2893    2
2894    1
2895    0
2896    2
2897    2
2898    2
2899    2
2900    2
2901    2
2902    2
2903    2
2904    2
2905    2
2906    0
2907    0
2908    2
2909    0
2910    0
2911    0
2912    0
2913    0
2914    0
2915    0
2916    0
2917    0
2918    3
2919    0
2920    1
2921    0
2922    0
2923    0
2924    0
2925    0
2926    0
2927    0
2928    3
2929    3
2930    2
2931    2
2932    2
2933    3
2934    2
2935    0
2936    0
2937    2
2938    2
2939    2
2940    2
2941    2
2942    0
2943    2
2944    0
2945    0
2946    0
2947    0
2948    0
2949    0
2950    2
2951    2
2952    0
2953    0
2954    0
2955    0
2956    0
2957    1
2958    0
2959    0
2960    0
2961    0
2962    0
2963    0
2964    1
2965    0
2966    0
2967    2
2968    2
2969    2
2970    0
2971    0
2972    2
2973    2
2974    2
2975    2
2976    1
2977    2
2978    0
2979    0
2980    0
2981    0
2982    1
2983    1
2984    0
2985    0
2986    0
2987    0
2988    0
2989    0
2990    0
2991    0
2992    0
2993    0
2994    0
2995    0
2996    0
2997    2
2998    2
2999    2
3000    2
3001    2
3002    2
3003    0
3004    2
3005    2
3006    2
3007    2
3008    2
3009    2
3010    2
3011    2
3012    2
3013    2
3014    2
3015    1
3016    2
3017    0
3018    0
3019    2
3020    2
3021    0
3022    0
3023    0
3024    0
3025    0
3026    1
3027    0
3028    0
3029    3
3030    3
3031    0
3032    0
3033    1
3034    0
3035    0
3036    0
3037    0
3038    0
3039    0
3040    0
3041    0
3042    0
3043    0
3044    0
3045    0
3046    0
3047    0
3048    2
3049    2
3050    3
3051    2
3052    2
3053    2
3054    2
3055    2
3056    2
3057    2
3058    2
3059    2
3060    2
3061    2
3062    2
3063    2
3064    2
3065    2
3066    2
3067    2
3068    2
3069    2
3070    2
3071    2
3072    2
3073    2
3074    2
3075    2
3076    2
3077    2
3078    0
3079    0
3080    0
3081    2
3082    2
3083    2
3084    2
3085    2
3086    2
3087    2
3088    2
3089    2
3090    2
3091    2
3092    2
3093    2
3094    2
3095    2
3096    2
3097    2
3098    2
3099    2
3100    2
3101    2
3102    2
3103    2
3104    2
3105    2
3106    2
3107    2
3108    2
3109    2
3110    2
3111    2
3112    2
3113    2
3114    2
3115    2
3116    2
3117    2
3118    2
3119    2
3120    1
3121    1
3122    0
3123    0
3124    2
3125    0
3126    0
3127    0
3128    0
3129    0
3130    0
3131    0
3132    0
3133    0
3134    0
3135    0
3136    0
3137    0
3138    0
3139    0
3140    2
3141    0
3142    0
3143    0
3144    0
3145    0
3146    3
3147    0
3148    0
3149    0
3150    0
3151    0
3152    1
3153    3
3154    3
3155    3
3156    3
3157    0
3158    0
3159    0
3160    0
3161    0
3162    0
3163    0
3164    0
3165    0
3166    0
3167    0
3168    0
3169    0
3170    0
3171    0
3172    0
3173    0
3174    0
3175    0
3176    0
3177    3
3178    3
3179    2
3180    2
3181    2
3182    2
3183    2
3184    2
3185    2
3186    2
3187    2
3188    2
3189    2
3190    2
3191    2
3192    2
3193    2
3194    2
3195    2
3196    2
3197    2
3198    2
3199    2
3200    2
3201    3
3202    2
3203    2
3204    3
3205    0
3206    0
3207    0
3208    0
3209    0
3210    0
3211    0
3212    0
3213    0
3214    1
3215    0
3216    2
3217    2
3218    2
3219    2
3220    2
3221    3
3222    3
3223    0
3224    0
3225    0
3226    0
3227    0
3228    0
3229    0
3230    0
3231    0
3232    0
3233    0
3234    0
3235    0
3236    2
3237    0
3238    2
3239    2
3240    2
3241    2
3242    2
3243    2
3244    2
3245    2
3246    0
3247    0
3248    3
3249    2
3250    0
3251    1
3252    2
3253    3
3254    3
3255    3
3256    3
3257    3
3258    3
3259    2
3260    3
3261    3
3262    3
3263    2
3264    2
3265    3
3266    2
3267    2
3268    0
3269    1
3270    2
3271    0
3272    0
3273    0
3274    0
3275    0
3276    2
3277    0
3278    0
3279    0
3280    3
3281    0
3282    0
3283    0
3284    3
3285    0
3286    3
3287    3
3288    2
3289    2
3290    2
3291    2
3292    2
3293    2
3294    2
3295    2
3296    2
3297    2
3298    2
3299    2
3300    1
3301    1
3302    2
3303    2
3304    2
3305    2
3306    2
3307    2
3308    2
3309    0
3310    0
3311    0
3312    0
3313    0
3314    0
3315    0
3316    0
3317    0
3318    1
3319    0
3320    0
3321    0
3322    0
3323    0
3324    0
3325    0
3326    3
3327    2
3328    2
3329    2
3330    0
3331    0
3332    0
3333    0
3334    0
3335    1
3336    0
3337    2
3338    0
3339    2
3340    2
3341    3
3342    2
3343    2
3344    2
3345    2
3346    2
3347    2
3348    2
3349    2
3350    0
3351    2
3352    2
3353    2
3354    2
3355    3
3356    2
3357    2
3358    2
3359    3
3360    3
3361    3
3362    2
3363    3
3364    3
3365    3
3366    3
3367    3
3368    2
3369    3
3370    3
3371    3
3372    3
3373    3
3374    3
3375    3
3376    3
3377    3
3378    2
3379    3
3380    0
3381    2
3382    0
3383    0
3384    0
3385    0
3386    0
3387    0
3388    0
3389    0
3390    3
3391    1
3392    1
3393    0
3394    0
3395    2
3396    1
3397    0
3398    1
3399    2
3400    2
3401    2
3402    2
3403    2
3404    0
3405    2
3406    0
3407    3
3408    2
3409    2
3410    2
3411    2
3412    2
3413    2
3414    0
3415    0
3416    0
3417    0
3418    0
3419    2
3420    2
3421    2
3422    2
3423    2
3424    2
3425    2
3426    2
3427    2
3428    2
3429    2
3430    2
3431    2
3432    2
3433    2
3434    1
3435    0
3436    0
3437    0
3438    0
3439    0
3440    0
3441    2
3442    1
3443    1
3444    1
3445    0
3446    0
3447    2
3448    0
3449    0
3450    2
3451    0
3452    2
3453    2
3454    2
3455    1
3456    1
3457    2
3458    1
3459    2
3460    1
3461    2
3462    2
3463    2
3464    0
3465    2
3466    0
3467    0
3468    0
3469    0
3470    0
3471    0
3472    0
3473    0
3474    0
3475    0
3476    0
3477    0
3478    0
3479    0
3480    1
3481    1
3482    0
3483    0
3484    0
3485    1
3486    1
3487    0
3488    0
3489    0
3490    0
3491    0
3492    0
3493    0
3494    0
3495    0
3496    0
3497    0
3498    0
3499    0
3500    0
3501    0
3502    0
3503    0
3504    0
3505    0
3506    0
3507    2
3508    2
3509    2
3510    2
3511    2
3512    2
3513    2
3514    2
3515    0
3516    2
3517    0
3518    0
3519    0
3520    2
3521    0
3522    0
3523    2
3524    2
3525    0
3526    0
3527    2
3528    0
3529    0
3530    1
3531    0
3532    0
3533    0
3534    0
3535    0
3536    0
3537    0
3538    0
3539    0
3540    2
3541    0
3542    0
3543    0
3544    2
3545    0
3546    1
3547    0
3548    0
3549    0
3550    0
3551    0
3552    0
3553    0
3554    0
3555    0
3556    0
3557    0
3558    0
3559    0
3560    0
3561    0
3562    0
3563    0
3564    0
3565    0
3566    3
3567    0
3568    0
3569    0
3570    0
3571    0
3572    0
3573    0
3574    0
3575    3
3576    3
3577    2
3578    2
3579    2
3580    2
3581    2
3582    2
3583    2
3584    2
3585    2
3586    1
3587    0
3588    0
3589    0
3590    0
3591    0
3592    0
3593    0
3594    3
3595    2
3596    1
3597    1
3598    0
3599    0
3600    0
3601    0
3602    0
3603    2
3604    1
3605    0
3606    0
3607    1
3608    0
3609    0
3610    0
3611    0
3612    0
3613    0
3614    1
3615    0
3616    1
3617    1
3618    0
3619    0
3620    3
3621    0
3622    2
3623    0
3624    2
3625    2
3626    2
3627    2
3628    2
3629    3
3630    3
3631    0
3632    0
3633    0
3634    0
3635    0
3636    0
3637    2
3638    2
3639    2
3640    0
3641    3
3642    3
3643    2
3644    1
3645    3
3646    2
3647    0
3648    0
3649    3
3650    0
3651    0
3652    2
3653    2
3654    2
3655    2
3656    2
3657    2
3658    2
3659    2
3660    0
3661    0
3662    0
3663    0
3664    0
3665    0
3666    2
3667    2
3668    2
3669    0
3670    0
3671    2
3672    3
3673    3
3674    2
3675    2
3676    2
3677    3
3678    3
3679    3
3680    3
3681    0
3682    0
3683    0
3684    0
3685    2
3686    2
3687    2
3688    0
3689    3
3690    2
3691    2
3692    2
3693    2
3694    0
3695    2
3696    3
3697    2
3698    3
3699    2
3700    2
3701    2
3702    2
3703    2
3704    2
3705    2
3706    2
3707    2
3708    2
3709    2
3710    1
3711    2
3712    3
3713    1
3714    2
3715    3
3716    3
3717    2
3718    0
3719    2
3720    0
3721    0
3722    0
3723    0
3724    0
3725    0
3726    0
3727    0
3728    0
3729    0
3730    0
3731    0
3732    0
3733    0
3734    0
3735    1
3736    0
3737    0
3738    0
3739    0
3740    0
3741    2
3742    2
3743    2
3744    1
3745    0
3746    0
3747    0
3748    0
3749    3
3750    0
3751    0
3752    0
3753    3
3754    3
3755    3
3756    3
3757    3
3758    3
3759    3
3760    3
3761    2
3762    2
3763    0
3764    0
3765    0
3766    2
3767    2
3768    0
3769    3
3770    2
3771    2
3772    0
3773    0
3774    0
3775    0
3776    0
3777    0
3778    0
3779    0
3780    0
3781    0
3782    0
3783    0
3784    0
3785    0
3786    0
3787    0
3788    2
3789    0
3790    0
3791    0
3792    0
3793    0
3794    0
3795    0
3796    0
3797    0
3798    1
3799    0
3800    0
3801    0
3802    1
3803    1
3804    0
3805    0
3806    0
3807    0
3808    0
3809    0
3810    0
3811    0
3812    1
3813    0
3814    0
3815    0
3816    0
3817    3
3818    0
3819    0
3820    0
3821    0
3822    1
3823    0
3824    0
3825    2
3826    0
3827    0
3828    0
3829    0
3830    0
3831    0
3832    0
3833    0
3834    0
3835    3
3836    0
3837    0
3838    0
3839    0
3840    0
3841    0
3842    0
3843    3
3844    3
3845    0
3846    0
3847    0
3848    0
3849    0
3850    2
3851    2
3852    2
3853    2
3854    2
3855    2
3856    2
3857    2
3858    2
3859    2
3860    2
3861    2
3862    0
3863    0
3864    0
3865    0
3866    0
3867    0
3868    0
3869    0
3870    0
3871    2
3872    0
3873    0
3874    0
3875    0
3876    0
3877    0
3878    1
3879    0
3880    0
3881    0
3882    0
3883    0
3884    2
3885    0
3886    0
3887    0
3888    0
3889    0
3890    0
3891    0
3892    0
3893    1
3894    0
3895    0
3896    1
3897    1
3898    1
3899    0
3900    0
3901    1
3902    0
3903    0
3904    0
3905    1
3906    0
3907    0
3908    0
3909    1
3910    0
3911    0
3912    2
3913    3
3914    0
3915    2
3916    2
3917    2
3918    2
3919    2
3920    2
3921    2
3922    2
3923    2
3924    2
3925    2
3926    1
3927    3
3928    3
3929    3
3930    3
3931    3
3932    3
3933    2
3934    0
3935    0
3936    0
3937    2
3938    2
3939    2
3940    0
3941    0
3942    0
3943    2
3944    2
3945    0
3946    3
3947    1
3948    2
3949    2
3950    3
3951    0
3952    2
3953    2
3954    3
3955    0
3956    2
3957    3
3958    3
3959    2
3960    2
3961    3
3962    3
3963    3
3964    3
3965    3
3966    0
3967    0
3968    0
3969    3
3970    0
3971    0
3972    0
3973    0
3974    3
3975    3
3976    3
3977    3
3978    3
3979    3
3980    3
3981    3
3982    1
3983    1
3984    1
3985    1
3986    1
3987    1
3988    1
3989    1
3990    1
3991    0
3992    0
3993    0
3994    0
3995    0
3996    0
3997    0
3998    0
3999    2
4000    3
4001    3
4002    1
4003    3
4004    2
4005    2
4006    3
4007    3
